0 1139
1 1233
2 1869
2 225
2 229
2 231
2 232
2 233
2 234
2 235
2 237
2 239
2 242
2 244
2 248
2 250
2 251
2 253
2 257
2 258
2 264
2 265
2 266
2 268
2 274
2 275
2 278
2 280
2 283
2 284
2 285
2 286
2 287
2 288
2 289
2 291
2 293
2 295
2 301
2 302
2 303
2 304
2 306
2 309
2 312
2 313
2 316
2 318
2 319
2 321
2 324
2 326
2 327
2 330
2 333
2 335
2 337
2 3
2 5
2 9
2 10
2 12
2 14
2 15
2 19
2 22
2 23
2 26
2 27
2 30
2 31
2 36
2 41
2 42
2 43
2 45
2 46
2 47
2 50
2 53
2 54
2 58
2 61
2 64
2 69
2 77
2 79
2 80
2 82
2 87
2 89
2 93
2 94
2 97
2 105
2 106
2 111
2 113
2 114
2 115
2 116
2 118
2 119
2 121
2 122
2 124
2 127
2 128
2 132
2 135
2 136
2 139
2 140
2 143
2 145
2 149
2 150
2 151
2 153
2 154
2 155
2 159
2 162
2 163
2 166
2 168
2 169
2 171
2 174
2 176
2 177
2 178
2 179
2 180
2 182
2 184
2 186
2 190
2 192
2 193
2 195
2 196
2 198
2 200
2 201
2 204
2 205
2 209
2 210
2 219
2 224
3 1499
4 1607
5 925
6 1856
7 313
8 1520
9 942
10 1447
11 1626
12 873
13 1725
14 963
15 1492
16 1666
17 1872
18 1809
19 921
20 1872
21 1715
22 1014
23 1437
24 1813
25 1776
26 1278
27 1665
28 1445
29 1813
30 1117
31 919
32 69
33 1399
34 1680
35 1652
36 1724
37 1727
38 1608
39 1787
40 1681
41 1456
42 1270
43 743
44 1804
45 939
46 1324
47 610
48 1636
49 1860
50 1036
51 1840
52 1779
53 824
54 530
55 1796
56 1559
57 1867
58 829
59 1833
60 1752
61 1084
62 1801
63 1433
64 826
65 1668
66 1361
67 121
68 1879
70 1870
71 1696
72 1676
73 1876
74 1462
75 1784
76 1460
77 1565
78 190
79 470
80 1333
81 1817
82 809
83 1857
84 1561
85 1749
86 1850
87 1607
88 1806
89 1239
90 1824
91 1563
92 1842
93 775
94 1198
95 1850
96 1738
97 715
98 1305
99 178
100 1805
101 1794
102 1504
103 1818
104 1802
105 482
106 1177
107 1745
108 1856
109 1720
110 1760
111 991
112 1828
113 1157
114 1142
115 653
116 1296
117 1673
118 702
119 644
120 1850
122 755
123 1763
124 1008
125 1336
126 1566
127 654
128 1219
129 234
130 1814
131 1875
132 889
133 209
134 1840
135 844
136 961
137 1731
138 1623
139 1132
140 583
141 1800
142 1677
143 1109
144 1428
145 385
146 1410
147 1808
148 1865
149 1305
150 977
151 681
152 1869
153 1403
154 823
155 1381
156 1832
157 1747
158 1397
159 998
160 1864
161 1843
162 1144
163 868
164 1360
165 1876
166 1280
167 1810
168 733
169 1643
170 1857
171 422
172 1686
173 1819
174 1152
175 1609
176 1422
177 1150
179 818
180 1753
181 1880
182 1544
183 1805
184 643
185 1411
186 415
187 268
188 1541
189 1838
191 1615
192 426
193 1561
194 1852
195 1342
196 1264
197 1842
198 1600
199 1854
200 1124
201 1730
202 1853
203 1811
204 556
205 835
206 1835
207 1879
208 1713
210 529
211 1864
212 1767
213 1720
214 1617
215 1876
216 1813
217 1640
218 1853
219 1484
220 1881
221 244
222 1881
223 1335
224 1051
225 641
226 1841
227 1829
228 1880
229 1355
230 1867
231 1029
232 302
233 1485
235 1355
236 1880
237 559
238 1856
239 1100
240 1817
241 1881
242 1512
243 1651
245 1303
246 1547
247 1638
248 1707
249 1735
250 754
251 1511
252 1874
253 649
254 1878
255 1379
256 1829
257 882
258 366
259 1879
260 1553
261 1453
262 1714
263 1836
264 862
265 568
266 771
267 1679
269 1761
270 1787
271 1817
272 1877
273 1391
274 847
275 285
276 1705
277 1450
278 745
279 1367
280 981
281 1748
282 1826
283 894
284 447
286 1497
287 335
288 572
289 1749
290 1482
291 1678
292 1822
293 1469
294 1866
295 1090
296 1787
297 1464
298 1451
299 1353
300 1879
301 471
303 623
304 1747
305 1711
306 557
307 1704
308 1599
309 1160
310 1847
311 1568
312 969
314 1826
315 1796
316 518
317 1809
318 1165
319 683
320 1831
321 1530
322 1862
323 1880
324 392
325 1587
326 399
327 1321
328 1865
329 1443
330 1580
331 1856
332 1755
333 498
334 1866
336 1864
337 1169
338 1551
339 1759
340 1870
341 1748
342 1855
343 1881
344 1098
345 1548
346 1345
347 1621
348 1172
349 1629
350 1792
351 1775
352 1846
353 1847
354 924
355 1869
356 1857
357 439
358 1819
359 1814
360 896
361 1863
362 1416
363 1382
364 1765
365 391
367 1159
368 1871
369 1206
370 1271
371 1844
372 1780
373 1807
374 1855
375 639
376 460
377 1753
378 1507
379 788
380 1803
381 1527
382 1766
383 1783
384 1810
386 1724
387 575
388 1473
389 1875
390 1630
393 1220
394 417
395 1834
396 984
397 1719
398 833
400 1422
401 1595
402 1350
403 1318
404 1788
405 1800
406 1631
407 989
408 1595
409 1790
410 1193
411 785
412 1761
413 1742
414 1596
416 1413
418 1262
419 1104
420 1810
421 888
423 1858
424 1793
425 1881
427 1094
428 813
429 1841
430 858
431 1858
432 475
433 548
434 667
435 1475
436 1730
437 1857
438 1304
440 1665
441 546
442 581
443 1854
444 476
445 1871
446 1826
448 1664
449 1789
450 595
451 1058
452 1760
453 1438
454 1770
455 1878
456 1868
457 1243
458 1612
459 1112
461 1860
462 1524
463 1394
464 1536
465 1583
466 1660
467 1147
468 1155
469 1250
472 1785
473 1380
474 1466
477 536
478 1863
479 1258
480 764
481 1865
483 487
484 1839
485 1881
486 1682
488 495
489 866
490 760
491 1804
492 1777
493 1474
494 1236
496 728
497 1732
499 1877
500 1805
501 1854
502 1788
503 1656
504 1853
505 1874
506 1597
507 1724
508 808
509 1688
510 1491
511 803
512 1736
513 848
514 1426
515 1744
516 1710
517 1840
519 1875
520 1812
521 1848
522 1875
523 1748
524 1803
525 1704
526 1881
527 1860
528 1125
531 1492
532 1843
533 1881
534 1880
535 1481
537 1640
538 1322
539 1878
540 1775
541 1868
542 1734
543 1862
544 1632
545 1519
547 1426
549 651
550 1311
551 1698
552 879
553 1855
554 1733
555 1846
558 1639
560 1823
561 1873
562 797
563 1471
564 1727
565 1642
566 1863
567 990
569 1875
570 1685
571 1705
573 1793
574 1878
576 1586
577 1140
578 887
579 1820
580 763
582 1879
584 1665
585 1546
586 1607
587 1381
588 1216
589 1770
590 1146
591 1610
592 1839
593 1864
594 1344
596 1879
597 1824
598 1771
599 1877
600 1725
601 1365
602 1424
603 1875
604 871
605 1484
606 1717
607 1442
608 1858
609 1352
611 1851
612 1808
613 1477
614 1390
615 1349
616 1752
617 1479
618 634
619 1880
620 1558
621 865
622 940
624 1873
625 1647
626 1352
627 1437
628 1753
629 729
630 1234
631 720
632 688
633 1092
635 1848
636 1838
637 1106
638 1148
640 1830
642 1767
645 1395
646 840
647 1712
648 828
650 1870
652 849
655 1832
656 1850
657 1083
658 1664
659 957
660 1643
661 1853
662 1645
663 1601
664 1530
665 1342
666 696
668 1796
669 1787
670 1881
671 1414
672 1525
673 722
674 1866
675 1244
676 1330
677 1667
678 1842
679 1763
680 1822
682 1864
684 1351
685 1867
686 1782
687 1578
689 1678
690 1096
691 838
692 1828
693 1753
694 1806
695 1197
697 935
698 1867
699 1292
700 1619
701 1698
703 1677
704 1867
705 1385
706 1880
707 877
708 937
709 1680
710 1881
711 1779
712 1784
713 1667
714 1730
716 1476
717 1869
718 1823
719 786
721 1848
723 1686
724 1818
725 1554
726 1825
727 1767
730 1469
731 1540
732 1645
734 1403
735 1525
736 1372
737 987
738 1000
739 1483
740 1128
741 1655
742 1463
744 1672
746 1673
747 1671
748 1626
749 1846
750 1430
751 1865
752 1081
753 1461
756 1317
757 1512
758 1651
759 1819
761 1876
762 1565
765 1879
766 1849
767 909
768 1031
769 1877
770 783
772 1841
773 1738
774 1869
776 1505
777 1479
778 1779
779 1801
780 1765
781 1134
782 1457
784 1855
787 1712
789 1532
790 1844
791 1622
792 860
793 1249
794 1103
795 982
796 1240
798 1496
799 1649
800 1844
801 1075
802 1853
804 1412
805 1321
806 1765
807 1301
810 1784
811 1851
812 1205
814 1776
815 1306
816 1871
817 1803
819 1697
820 1747
821 1758
822 1456
825 1105
827 1618
830 920
831 1375
832 1019
834 1266
836 1822
837 1660
839 1754
841 1707
842 1625
843 1774
845 1511
846 1870
850 1795
851 1848
852 1816
853 1838
854 1823
855 1526
856 1510
857 1881
859 1868
861 1756
863 1860
864 1498
867 1804
869 1789
870 1881
872 1750
874 1577
875 1688
876 1448
878 1440
880 1413
881 1791
883 1472
884 1865
885 1624
886 1778
890 1789
891 1880
892 1805
893 1697
895 1556
897 1331
898 1834
899 1736
900 966
901 1852
902 1724
903 964
904 1021
905 1329
906 1842
907 955
908 1846
910 1822
911 1726
912 1798
913 1164
914 1702
915 953
916 1514
917 1737
918 1816
922 1390
923 1253
926 1845
927 1869
928 1569
929 1030
930 1863
931 1794
932 1806
933 1829
934 1067
936 1863
938 1162
941 1138
943 1154
944 1867
945 1133
946 1194
947 1783
948 1072
949 1259
950 1579
951 1877
952 1230
954 1040
956 1569
958 1158
959 1729
960 1034
962 1877
965 1834
967 1849
968 1423
970 1682
971 1810
972 1087
973 1878
974 1733
975 1407
976 1401
978 1831
979 1338
980 1300
983 1211
985 1692
986 1877
988 1844
992 1549
993 1346
994 1823
995 1325
996 1204
997 1380
999 1506
1001 1601
1002 1528
1003 1869
1004 1846
1005 1866
1006 1662
1007 1449
1009 1747
1010 1840
1011 1575
1012 1873
1013 1327
1015 1728
1016 1825
1017 1837
1018 1449
1020 1549
1022 1777
1023 1855
1024 1076
1025 1835
1026 1597
1027 1737
1028 1791
1032 1513
1033 1821
1035 1404
1037 1801
1038 1836
1039 1658
1041 1583
1042 1876
1043 1489
1044 1823
1045 1377
1046 1800
1047 1865
1048 1722
1049 1881
1050 1425
1052 1742
1053 1808
1054 1603
1055 1628
1056 1454
1057 1502
1059 1835
1060 1881
1061 1726
1062 1173
1063 1550
1064 1699
1065 1727
1066 1585
1068 1768
1069 1847
1070 1878
1071 1853
1073 1839
1074 1873
1077 1863
1078 1687
1079 1633
1080 1878
1082 1846
1085 1836
1086 1869
1088 1848
1089 1851
1091 1711
1093 1473
1095 1773
1097 1627
1099 1803
1101 1639
1102 1572
1107 1700
1108 1487
1110 1486
1111 1857
1113 1535
1114 1762
1115 1721
1116 1743
1118 1736
1119 1325
1120 1874
1121 1862
1122 1421
1123 1690
1126 1222
1127 1861
1129 1689
1130 1546
1131 1811
1135 1402
1136 1881
1137 1856
1141 1708
1143 1605
1145 1775
1149 1634
1151 1865
1153 1770
1156 1824
1161 1752
1163 1749
1166 1751
1167 1314
1168 1841
1170 1649
1171 1831
1174 1869
1175 1859
1176 1670
1178 1604
1179 1493
1180 1871
1181 1860
1182 1848
1183 1820
1184 1740
1185 1836
1186 1717
1187 1339
1188 1874
1189 1751
1190 1812
1191 1859
1192 1310
1195 1739
1196 1781
1199 1647
1200 1577
1201 1821
1202 1868
1203 1573
1207 1668
1208 1741
1209 1485
1210 1864
1212 1260
1213 1706
1214 1447
1215 1873
1217 1861
1218 1807
1221 1641
1223 1491
1224 1847
1225 1749
1226 1874
1227 1524
1228 1848
1229 1855
1231 1531
1232 1806
1235 1797
1237 1881
1238 1544
1241 1497
1242 1798
1245 1872
1246 1817
1247 1771
1248 1791
1251 1830
1252 1267
1254 1700
1255 1709
1256 1861
1257 1728
1261 1751
1263 1684
1265 1880
1268 1710
1269 1840
1272 1593
1273 1580
1274 1326
1275 1863
1276 1596
1277 1738
1279 1407
1281 1772
1282 1773
1283 1552
1284 1589
1285 1722
1286 1799
1287 1588
1288 1663
1289 1564
1290 1742
1291 1784
1293 1695
1294 1490
1295 1600
1297 1850
1298 1620
1299 1751
1299 1538
1300 1605
1301 1872
1302 1830
1302 1861
1303 1746
1304 1849
1306 1815
1307 1880
1307 1427
1308 1795
1308 1399
1309 1587
1309 1868
1310 1855
1311 1480
1312 1614
1312 1848
1313 1797
1313 1664
1314 1881
1315 1831
1315 1526
1316 1877
1316 1864
1317 1691
1318 1879
1319 1860
1319 1356
1320 1870
1320 1819
1322 1678
1323 1879
1323 1827
1324 1385
1326 1872
1327 1868
1328 1701
1328 1778
1329 1761
1330 1528
1331 1531
1332 1808
1332 1874
1333 1519
1334 1785
1334 1778
1335 1762
1336 1732
1337 1834
1337 1680
1338 1837
1339 1865
1340 1371
1340 1603
1341 1790
1341 1715
1343 1699
1343 1873
1344 1856
1345 1825
1346 1828
1347 1845
1347 1855
1348 1727
1348 1694
1349 1772
1350 1591
1351 1876
1353 1857
1354 1564
1354 1852
1356 1557
1357 1854
1357 1666
1358 1845
1358 1610
1359 1843
1359 1506
1360 1500
1361 1699
1362 1733
1362 1402
1363 1393
1363 1696
1364 1798
1364 1881
1365 1807
1366 1833
1366 1877
1367 1808
1368 1731
1368 1874
1369 1784
1369 1835
1370 1867
1370 1866
1371 1460
1372 1759
1373 1840
1373 1719
1374 1861
1374 1833
1375 1684
1376 1627
1376 1766
1377 1779
1378 1781
1378 1877
1379 1606
1382 1592
1383 1880
1383 1818
1384 1830
1384 1880
1386 1774
1386 1735
1387 1612
1387 1739
1388 1798
1388 1866
1389 1831
1389 1853
1391 1838
1392 1633
1392 1843
1393 1454
1394 1628
1395 1769
1396 1855
1396 1488
1397 1860
1398 1435
1398 1731
1400 1630
1400 1613
1401 1575
1404 1804
1405 1819
1405 1410
1406 1875
1406 1507
1408 1728
1408 1686
1409 1685
1409 1710
1411 1792
1412 1772
1414 1707
1415 1879
1415 1827
1416 1538
1417 1786
1417 1693
1418 1428
1418 1856
1419 1735
1419 1789
1420 1788
1420 1465
1421 1863
1423 1793
1424 1828
1425 1637
1427 1788
1429 1799
1429 1653
1430 1634
1431 1726
1431 1641
1432 1494
1432 1459
1433 1832
1434 1862
1434 1736
1435 1851
1436 1631
1436 1848
1438 1744
1439 1871
1439 1826
1440 1791
1441 1868
1441 1514
1442 1873
1443 1866
1444 1881
1444 1793
1445 1876
1446 1786
1446 1795
1448 1741
1450 1790
1451 1774
1452 1496
1452 1875
1453 1881
1455 1828
1455 1746
1457 1873
1458 1829
1458 1878
1459 1631
1461 1760
1462 1840
1463 1768
1464 1830
1465 1617
1466 1726
1467 1832
1467 1820
1468 1776
1468 1775
1470 1632
1470 1669
1471 1861
1472 1735
1474 1676
1475 1643
1476 1687
1477 1879
1478 1537
1478 1867
1480 1845
1481 1876
1482 1746
1483 1790
1486 1799
1487 1532
1488 1644
1489 1691
1490 1523
1493 1582
1494 1533
1495 1716
1495 1827
1498 1805
1499 1572
1500 1681
1501 1628
1501 1624
1502 1771
1503 1677
1503 1881
1504 1881
1505 1661
1508 1826
1508 1810
1509 1847
1509 1559
1510 1816
1513 1773
1515 1777
1515 1539
1516 1771
1516 1859
1517 1757
1517 1881
1518 1865
1518 1868
1520 1880
1521 1869
1521 1563
1522 1802
1522 1830
1523 1837
1527 1862
1529 1750
1529 1815
1533 1688
1534 1845
1534 1815
1535 1822
1536 1876
1537 1611
1539 1879
1540 1730
1541 1833
1542 1787
1542 1873
1543 1857
1543 1797
1545 1877
1545 1875
1547 1767
1548 1653
1550 1593
1551 1876
1552 1879
1553 1776
1554 1804
1555 1578
1555 1837
1556 1863
1557 1881
1558 1853
1560 1812
1560 1859
1562 1838
1562 1599
1566 1689
1567 1814
1567 1574
1568 1828
1570 1877
1570 1799
1571 1853
1571 1721
1573 1881
1574 1854
1576 1858
1576 1874
1579 1766
1581 1722
1581 1721
1582 1655
1584 1873
1584 1802
1585 1849
1586 1770
1588 1842
1589 1843
1590 1792
1590 1693
1591 1841
1592 1866
1594 1766
1594 1809
1598 1872
1598 1800
1602 1762
1602 1799
1603 1854
1604 1805
1604 1867
1605 1609
1606 1871
1606 1859
1608 1755
1608 1846
1609 1817
1610 1658
1611 1701
1611 1668
1612 1866
1613 1763
1613 1670
1614 1877
1614 1865
1615 1862
1615 1845
1616 1709
1616 1616
1617 1756
1618 1624
1618 1789
1619 1797
1619 1711
1620 1715
1620 1743
1621 1822
1621 1740
1622 1856
1622 1859
1623 1712
1623 1834
1625 1728
1625 1872
1626 1737
1627 1859
1629 1807
1629 1852
1630 1813
1632 1716
1633 1871
1634 1837
1635 1866
1635 1856
1635 1858
1636 1850
1636 1718
1637 1798
1637 1655
1638 1689
1638 1880
1639 1876
1640 1754
1641 1842
1642 1659
1642 1881
1644 1837
1644 1834
1645 1692
1646 1867
1646 1754
1646 1881
1647 1683
1648 1832
1648 1846
1648 1821
1649 1770
1650 1869
1650 1880
1650 1808
1651 1850
1652 1824
1652 1878
1653 1759
1654 1874
1654 1801
1654 1835
1656 1875
1656 1829
1657 1856
1657 1816
1657 1817
1658 1857
1659 1781
1659 1673
1660 1845
1661 1801
1661 1870
1662 1792
1662 1800
1663 1772
1663 1733
1666 1718
1667 1818
1669 1834
1669 1869
1670 1874
1671 1859
1671 1820
1672 1876
1672 1878
1674 1760
1674 1720
1674 1870
1675 1826
1675 1765
1675 1875
1676 1838
1679 1829
1679 1871
1681 1844
1682 1881
1683 1837
1683 1866
1684 1878
1685 1796
1687 1826
1690 1881
1690 1783
1691 1839
1692 1693
1694 1881
1694 1879
1695 1836
1695 1838
1696 1873
1697 1768
1698 1799
1700 1811
1701 1723
1702 1881
1703 1839
1703 1868
1703 1819
1704 1836
1705 1817
1706 1819
1706 1852
1708 1861
1708 1818
1709 1833
1710 1813
1711 1757
1712 1876
1713 1873
1713 1774
1713 1876
1714 1873
1714 1821
1714 1822
1715 1873
1716 1825
1716 1843
1717 1862
1717 1827
1718 1868
1718 1752
1719 1779
1719 1874
1720 1835
1721 1777
1722 1833
1723 1871
1723 1864
1723 1848
1725 1741
1725 1815
1729 1872
1729 1746
1729 1850
1731 1782
1732 1811
1732 1830
1734 1734
1734 1824
1737 1880
1738 1764
1739 1744
1739 1874
1740 1860
1740 1840
1741 1870
1742 1774
1743 1790
1743 1870
1744 1847
1745 1864
1745 1881
1745 1880
1748 1815
1750 1809
1750 1837
1754 1806
1755 1818
1755 1813
1756 1862
1756 1814
1757 1827
1757 1781
1758 1796
1758 1814
1758 1878
1759 1872
1761 1788
1762 1794
1763 1865
1764 1810
1764 1870
1764 1860
1765 1879
1766 1831
1767 1852
1768 1831
1768 1873
1769 1873
1769 1845
1769 1806
1769 1801
1771 1814
1772 1881
1773 1879
1773 1867
1775 1876
1776 1845
1777 1854
1778 1795
1778 1833
1780 1865
1780 1841
1780 1867
1781 1858
1782 1842
1782 1851
1783 1850
1783 1881
1785 1881
1785 1864
1785 1791
1786 1793
1786 1811
1786 1834
1791 1863
1792 1876
1792 1840
1793 1881
1794 1820
1794 1816
1794 1839
1795 1878
1795 1843
1796 1825
1797 1878
1797 1849
1798 1870
1800 1877
1802 1804
1802 1874
1802 1858
1803 1803
1807 1835
1807 1881
1809 1880
1809 1825
1811 1881
1812 1874
1812 1855
1812 1818
1815 1852
1816 1878
1820 1867
1820 1880
1821 1851
1821 1879
1821 1875
1823 1860
1823 1875
1824 1852
1824 1841
1825 1881
1827 1862
1827 1856
1828 1870
1829 1852
1830 1857
1831 1859
1832 1872
1832 1863
1832 1853
1833 1868
1835 1851
1836 1860
1836 1864
1838 1879
1839 1874
1839 1843
1841 1880
1841 1861
1842 1846
1843 1878
1844 1871
1844 1858
1844 1861
1844 1880
1846 1881
1847 1880
1847 1866
1847 1857
1847 1853
1849 1881
1849 1850
1849 1875
1849 1854
1849 1861
1851 1871
1851 1869
1851 1872
1852 1878
1854 1878
1854 1855
1854 1877
1857 1881
1858 1881
1858 1872
1858 1859
1859 1870
1861 1875
1861 1876
1862 1880
1862 1877
1862 1879
1862 1874
1863 1877
1863 1868
1864 1876
1864 1875
1866 1874
1868 1871
1868 1879
1869 1879
1870 1871
1871 1872
1872 1877
1872 1880
1875 1881
1876 1878
1877 1878
1878 1881